2002/07/28/big/img_416
3
60.933903 44.468305 -1.530098 98.276900 82.268230  1
52.564676 35.774346 -1.460712 321.103651 63.475043  1
23.958142 18.064426 1.553739 364.859591 103.521632  1
2002/08/07/big/img_1393
2
163.745742 109.136126 1.236962 132.225074 172.180404  1
134.196339 96.693777 -1.276447 204.178610 271.741124  1
2002/08/26/big/img_292
1
163.778521 101.169600 1.543931 148.203875 181.913193  1
2002/08/26/big/img_301
1
166.948740 108.322300 1.377403 144.199819 197.377459  1
2003/01/13/big/img_195
1
81.043000 62.000000 -1.298475 187.311671 101.154428  1
2002/07/26/big/img_532
9
51.889492 33.394627 -1.502245 245.113481 133.696345  1
54.576501 38.488467 1.527672 181.971806 82.479070  1
49.398518 29.843745 1.437926 98.197429 59.428833  1
47.648948 28.245858 1.513057 6.655783 36.699163  1
44.437752 30.284679 -1.478244 40.422777 13.905788  1
49.143573 31.955262 1.550535 135.210922 50.421439  1
38.724294 30.275047 1.479142 268.345804 14.771547  1
46.233421 29.684012 1.498761 279.356598 62.823034  1
57.401922 30.723317 1.405984 450.000000 194.870692  1
2002/08/20/big/img_550
1
151.124000 109.829200 -1.548596 196.528700 181.092300  1
2002/08/05/big/img_3658
3
77.695300 49.710500 1.360048 128.716400 192.199200  1
67.096700 43.169800 -1.450288 213.269100 93.478000  1
83.765100 55.150100 -1.432329 304.471700 163.968600  1
2002/08/26/big/img_738
1
63.151800 45.620700 -1.395494 173.439400 344.465100  1
2002/09/02/big/img_15750
1
161.023400 114.519900 -1.499219 185.716000 196.935600  1
2003/01/17/big/img_451
1
107.308500 75.534400 1.526198 307.275600 127.402300  1
2002/07/23/big/img_339
1
93.432427 52.146435 1.555364 172.361871 95.508659  1
2002/08/16/big/img_637
2
68.246700 41.819600 1.453720 235.426000 86.566900  1
31.665600 20.719100 1.431940 432.009900 18.993400  1
2002/08/14/big/img_748
4
46.482300 32.608700 1.474463 164.702600 70.594100  1
56.837500 38.260000 -1.519482 288.864700 71.652100  1
35.935500 26.049900 -1.441893 362.421100 103.592200  1
23.238200 14.711800 -1.476857 53.263400 197.982000  1
2002/08/06/big/img_2739
4
53.916281 34.456113 -1.545656 162.788499 109.300295  1
45.898061 29.752641 -1.484876 263.617790 73.086825  1
55.215084 34.919762 -1.515318 355.938215 91.363964  1
41.922561 28.178240 1.410252 437.342400 64.409066  1
2002/07/25/big/img_482
3
61.229773 41.365543 1.374250 177.766961 120.024778  1
59.677621 38.602075 1.557067 83.749220 320.837577  1
58.233984 32.814930 -1.554722 394.849201 333.055271  1
2002/08/19/big/img_191
2
50.676000 38.906500 -1.470635 151.931700 69.584200  1
50.286400 33.855300 1.521419 264.709700 105.178100  1
2002/08/26/big/img_537
3
64.370708 40.751700 -1.508610 74.467328 61.525114  1
57.683618 37.000000 1.561557 210.516483 107.914102  1
55.017010 36.460000 1.507611 361.234800 187.043403  1
2003/01/15/big/img_716
1
123.211400 82.852700 -1.475861 175.876300 156.297000  1
2003/01/15/big/img_767
1
96.391100 59.112800 -1.540351 133.871900 125.620700  1
2002/08/02/big/img_452
2
56.373544 37.834498 1.568830 111.016241 110.140165  1
71.028656 50.042379 -1.565740 342.345838 122.509998  1
2002/08/08/big/img_1011
2
51.352102 30.699135 -1.369794 154.167498 80.029163  1
39.277505 27.268680 -1.455113 230.000764 124.354740  1
2002/08/10/big/img_144
2
49.857013 33.229228 1.409305 105.658672 89.637585  1
48.117000 29.422200 1.498463 233.032611 71.539400  1
2003/01/14/big/img_122
2
73.289075 45.830749 1.480735 280.823688 196.864026  1
46.000000 34.000000 1.524539 99.771018 15.045994  1
2002/07/24/big/img_586
1
104.986775 70.783941 -1.482031 176.594519 169.999580  1
2002/07/24/big/img_762
2
96.016978 67.320485 1.521638 149.239226 129.289838  1
64.467930 41.413546 1.567907 284.413482 211.432588  1
2002/08/20/big/img_369
1
109.302248 72.828200 1.432713 153.160600 127.782000  1
2002/07/30/big/img_146
1
100.793443 71.257168 1.449344 148.452437 146.112623  1
2002/08/23/big/img_396
1
129.387532 83.229877 -1.476555 333.812667 148.076515  1
2003/01/15/big/img_200
1
69.910600 51.183400 1.465284 179.347000 86.737947  1
2002/08/15/big/img_1183
4
56.625900 35.262800 -1.435395 33.543500 124.160200  1
46.000900 31.687500 1.381797 91.769100 90.867400  1
57.212800 38.322500 1.314821 203.714800 71.483300  1
48.906200 30.540200 1.400965 408.363700 50.095000  1
2003/01/14/big/img_698
1
56.255400 38.886500 -1.545505 126.095300 74.169700  1
2002/08/09/big/img_792
2
59.324329 42.191214 1.226093 150.030521 144.511538  1
69.248992 48.514038 1.499570 288.580661 76.904017  1
2002/08/06/big/img_2347
1
81.769011 57.268201 1.524373 282.006653 109.412303  1
2002/07/31/big/img_911
1
105.355502 68.826508 -1.485532 266.541771 117.939785  1
2002/08/26/big/img_722
1
97.337768 60.091600 1.566482 260.316000 131.176289  1
2002/08/23/big/img_621
1
83.291290 52.729355 1.516428 171.546520 105.397482  1
2002/08/05/big/img_3790
1
131.050612 80.491029 1.564806 220.393515 152.267064  1
2003/01/13/big/img_633
1
57.350807 38.345073 1.503979 178.626936 64.046464  1
2002/08/09/big/img_224
2
49.197858 37.178806 1.501436 229.920589 79.530107  1
24.698437 16.954661 1.539926 157.163695 161.065640  1
2002/07/24/big/img_454
1
90.268846 62.893171 1.488513 244.220864 124.256969  1
2002/07/21/big/img_202
4
44.874482 27.239734 -1.570796 180.320041 63.455722  1
44.316958 22.056791 1.570796 247.196230 71.645244  1
16.363972 12.252291 1.570796 431.357311 125.765330  1
20.627559 13.778447 1.570796 50.862718 59.006729  1
2002/08/02/big/img_630
3
63.586719 40.961285 -1.535434 112.826387 71.841120  1
62.194681 42.682921 1.553025 308.238258 180.513745  1
50.449600 37.199076 1.470194 325.984946 95.424344  1
2002/08/30/big/img_18315
1
147.000000 96.330620 -1.478566 154.254300 178.404869  1
2002/07/19/big/img_491
1
147.657932 96.203630 -1.378810 150.954519 182.715331  1
2002/09/01/big/img_16456
1
91.950400 60.100500 1.472550 164.079900 114.756800  1
2002/08/09/big/img_242
2
120.814812 78.297675 -1.554014 316.394229 136.791852  1
98.673390 62.733430 -1.454253 20.033276 206.165520  1
2002/07/25/big/img_595
2
73.173613 51.634143 1.400786 228.480116 95.013840  1
56.358459 41.839506 -1.568729 160.397542 50.049912  1
2002/07/22/big/img_522
2
29.429757 19.007674 1.534731 170.798076 120.939271  1
77.606734 48.214588 1.487251 37.708333 185.069444  1
2002/08/01/big/img_1593
1
83.518069 51.385473 1.378820 161.891603 139.521454  1
2002/07/29/big/img_336
1
130.688413 91.767302 1.473836 164.422695 176.051831  1
2002/08/15/big/img_448
3
92.082200 61.826300 -1.235457 164.068700 327.726400  1
88.355300 72.834200 -1.492920 82.040500 107.262600  1
81.096400 70.689099 1.513546 205.789300 183.267600  1
2002/08/28/big/img_19281
1
87.098900 53.586300 -1.430223 154.354700 163.882500  1
2002/07/29/big/img_342
4
73.816215 51.331777 1.443801 63.301762 172.665568  1
61.660348 39.014606 1.459116 176.063894 84.854923  1
50.205142 31.484349 1.344318 323.959324 168.103607  1
49.299925 30.824646 -1.358649 401.097370 67.483284  1
2002/08/12/big/img_78
8
43.760200 21.959888 -1.418221 130.014436 44.908199  1
49.601451 28.020500 -1.482750 107.964825 214.177900  1
39.933259 18.811779 -1.545657 91.100785 365.676375  1
41.759827 23.278222 -1.451173 237.488027 197.196300  1
45.185300 24.906298 1.570234 209.706224 380.939000  1
39.333353 21.636707 -1.499922 253.919211 34.915270  1
80.991734 53.044842 -1.441761 327.610800 215.401068  1
48.385975 26.072769 -1.525749 373.841890 40.229359  1
2003/01/14/big/img_525
2
52.034500 33.203300 1.474646 159.753828 69.561600  1
48.994900 33.546800 1.496412 333.046356 86.569900  1
2002/07/28/big/img_147
1
79.093772 49.499455 1.461212 162.432299 94.454911  1
2002/08/11/big/img_353
4
62.388107 33.975297 1.209637 163.941870 77.755854  1
42.100309 27.300844 1.502614 41.036845 159.207253  1
38.286383 25.474232 1.550685 28.705169 93.753031  1
38.301241 19.589871 1.336869 330.762491 96.517593  1
2002/08/22/big/img_513
1
171.183344 104.608024 1.450545 200.427267 191.009680  1
2002/08/04/big/img_721
3
50.213725 30.682685 1.527059 83.698370 84.277982  1
49.929498 30.671950 -1.496023 335.512508 97.841791  1
46.510069 24.984407 1.366629 433.634791 133.570701  1
2002/08/17/big/img_247
1
80.963800 52.960000 1.491427 141.552500 104.036000  1
2003/01/14/big/img_891
2
132.686399 84.904700 -1.547117 102.697000 246.389800  1
168.586900 120.327200 1.475781 215.854000 148.717500  1
2002/08/20/big/img_853
2
56.899406 36.496500 -1.551777 160.717778 149.242300  1
46.811079 33.583700 1.428566 337.946800 160.055400  1
2002/07/19/big/img_414
2
68.445046 43.109912 1.500983 197.712642 128.958818  1
76.175783 49.955252 1.361357 123.269480 90.361255  1
2002/08/01/big/img_1530
1
118.129138 71.141874 -1.530891 173.346566 151.025173  1
2003/01/14/big/img_924
1
123.346200 78.039000 1.502879 157.614400 151.109000  1
2002/08/22/big/img_468
2
93.674389 60.761063 -1.557787 197.223555 112.437088  1
77.619841 52.472009 -1.476868 386.073807 95.759018  1
2002/08/18/big/img_354
1
50.449800 31.454400 1.489668 118.343700 314.593700  1
2002/08/30/big/img_18193
1
73.000000 45.020221 -1.465547 142.427000 95.566500  1
2002/08/23/big/img_492
1
65.674196 48.254221 -1.515444 148.132128 187.298080  1
2002/08/15/big/img_871
6
27.882000 17.273400 1.454374 65.114205 89.562100  1
52.389700 34.964000 -1.543873 190.591975 87.583400  1
12.485500 8.823200 1.529944 230.845200 108.853200  1
35.560400 22.728600 -1.555790 280.290500 78.142700  1
26.963700 18.587700 1.475138 351.860184 101.035800  1
60.317300 39.234500 1.520049 417.351400 75.949900  1
2002/08/12/big/img_494
1
130.299733 85.562200 -1.560781 151.056600 137.509433  1
2002/08/06/big/img_2470
1
81.003103 54.815714 -1.424760 122.779496 94.284371  1
2002/07/23/big/img_923
1
171.399015 108.024683 1.463853 156.322549 179.237568  1
2002/08/26/big/img_155
1
69.917900 46.610700 -1.329635 205.538200 85.505300  1
2002/08/08/big/img_669
2
62.322783 36.471521 -1.524911 81.011592 84.507486  1
55.124601 40.419392 1.218969 227.173942 111.258747  1
2002/07/23/big/img_404
4
86.398648 59.473296 1.436105 125.599053 145.665204  1
107.191293 86.404507 -1.434615 300.383272 127.056048  1
70.024295 48.671444 1.508681 46.370254 173.345051  1
50.003309 35.816596 1.508904 266.239412 213.969293  1
2002/08/28/big/img_19421
1
145.000000 95.128719 1.450067 190.612000 167.314510  1
2002/08/29/big/img_18993
1
162.000000 107.913100 1.411800 150.424800 201.968300  1
2002/08/25/big/img_416
1
91.965466 65.613187 1.304097 124.393547 144.333079  1
2003/01/17/big/img_434
2
66.633300 41.785300 1.299996 143.199700 57.834700  1
88.747900 54.891000 1.400990 349.052900 97.007000  1
2002/07/29/big/img_1370
1
72.976660 48.897666 -1.567185 148.068223 102.162477  1
2002/07/28/big/img_483
2
47.691753 33.889409 -1.479616 119.047307 95.110576  1
48.672374 31.514104 1.550833 265.133966 137.520179  1
2002/08/11/big/img_50
4
73.549100 51.179300 1.519938 107.611300 130.859000  1
66.244918 47.135500 1.461573 214.871900 91.836300  1
41.374695 28.194330 1.536064 46.977805 108.477188  1
91.097918 65.569102 -1.492047 335.448276 117.337931  1
2002/08/10/big/img_404
1
171.407931 106.991700 -1.452885 135.235000 185.748500  1
2002/09/02/big/img_15057
1
49.510400 36.205500 1.155155 241.371300 70.747100  1
2003/01/14/big/img_911
1
130.863700 86.308100 -1.549388 160.106200 158.011400  1
2002/09/01/big/img_16697
1
90.147300 56.633583 1.319570 145.243200 142.576300  1
2003/01/16/big/img_665
2
40.595800 25.416700 -1.563335 219.779400 142.545600  1
42.319700 24.809700 -1.500149 79.673200 83.632100  1
2002/09/01/big/img_16708
1
66.478100 46.518900 1.553034 160.212200 301.666000  1
2002/08/22/big/img_612
2
175.263099 110.641547 -1.431605 133.038948 119.456401  1
163.111507 112.327949 1.438226 300.451331 228.176542  1
2002/08/28/big/img_19471
4
31.000000 20.269735 1.536176 161.656473 64.661027  1
57.000000 37.179628 1.559675 166.211772 137.430779  1
36.700200 30.123900 -1.422199 52.854600 290.363600  1
33.872500 30.123900 -1.466077 238.459600 296.595200  1
2002/08/02/big/img_198
3
57.447471 33.138132 1.447420 133.260700 98.603113  1
51.871595 35.634241 1.546723 252.694552 102.948443  1
43.511673 30.108949 -1.478715 361.308365 94.588521  1
2003/01/16/big/img_527
1
52.091928 35.423005 1.481337 125.205513 116.181954  1
2002/08/22/big/img_209
1
114.070696 67.609802 -1.569155 146.666275 139.546751  1
2002/08/30/big/img_18205
1
73.000000 49.332900 1.489506 130.869037 128.292699  1
2003/01/14/big/img_114
1
153.054125 87.694537 1.509001 143.289633 185.233479  1
2003/01/14/big/img_1028
1
48.155419 31.232304 -1.357955 141.900025 192.177390  1
2003/01/16/big/img_894
2
75.196500 47.588100 -1.524695 133.977400 93.315800  1
55.235500 36.713900 1.548652 182.350600 118.122900  1
2003/01/14/big/img_837
1
140.444300 104.939100 -1.547812 125.944200 178.240000  1
2002/07/30/big/img_9
2
55.068538 33.246071 1.481541 164.579653 90.181059  1
50.724654 32.055846 1.414165 317.708448 77.125000  1
2002/08/06/big/img_2821
1
159.140589 100.826015 1.498928 178.830142 165.721743  1
2002/08/04/big/img_85
1
62.306463 38.410983 1.561602 135.681729 74.537279  1
2003/01/13/big/img_884
3
67.994800 49.000000 1.003830 157.691156 162.718500  1
86.393400 52.000000 1.484797 219.533539 126.002800  1
72.796071 46.000000 1.523045 32.262412 133.481512  1
2002/07/22/big/img_570
1
133.635412 81.336541 -1.555039 140.080402 175.902010  1
2002/08/07/big/img_1773
1
75.700390 52.670804 -1.569397 156.013196 91.006331  1
2002/07/26/big/img_208
3
46.827973 28.025791 1.550019 126.289650 107.363818  1
53.368376 32.589827 -1.551385 229.794853 70.689284  1
53.266474 34.856101 1.491156 346.772258 81.642488  1
2003/01/17/big/img_946
1
92.028400 64.935800 1.480011 129.538000 128.238900  1
2002/07/19/big/img_930
1
154.730960 102.657266 1.570796 145.100715 219.722883  1
2003/01/01/big/img_698
1
52.000000 35.000000 1.308465 212.194695 61.104279  1
2003/01/17/big/img_612
2
81.270400 53.169400 1.457985 205.629500 100.287700  1
27.187700 18.148600 -1.535946 373.587000 62.869600  1
2002/07/19/big/img_372
2
49.536898 29.911486 -1.462929 177.101939 92.505490  1
29.665336 21.827692 -1.570796 252.704061 109.333978  1
2002/07/30/big/img_721
1
41.292664 29.300893 1.428421 263.337495 161.411323  1
2003/01/14/big/img_649
1
122.617300 74.446100 -1.497287 272.381400 130.649200  1
2002/08/19/big/img_4
1
139.421315 94.013264 -1.498657 170.731056 284.301386  1
2002/07/25/big/img_1024
1
136.350956 98.528838 1.524737 172.240416 166.877857  1
2003/01/15/big/img_601
3
55.421900 36.192600 1.452177 250.447600 126.799400  1
54.119600 32.714800 1.497672 198.615300 117.808100  1
52.503400 36.434300 1.264467 280.954000 73.224800  1
2002/08/30/big/img_18470
1
183.696300 133.000000 1.381456 148.038500 208.075300  1
2002/07/22/big/img_29
1
53.885760 35.582166 -1.507847 132.789914 78.947179  1
2002/08/07/big/img_1686
1
142.325864 85.103792 1.520130 151.391342 183.371818  1
2002/07/20/big/img_294
1
40.662444 29.528234 -1.570796 287.298148 61.664351  1
2002/08/14/big/img_800
1
99.975700 71.134500 1.363596 262.464098 120.350800  1
2002/08/19/big/img_353
5
66.353697 40.860938 1.555533 71.104662 82.840150  1
67.781307 41.992442 1.557032 211.013041 84.853605  1
74.699593 46.288111 1.483917 357.865573 89.173442  1
74.272900 44.150799 -1.448624 79.036805 278.956902  1
71.458628 49.317000 -1.561002 213.710500 276.923544  1
2002/08/19/big/img_350
5
66.784181 41.479711 1.545128 68.208374 82.457385  1
74.476199 45.517229 -1.557796 69.462905 280.052320  1
68.593773 39.358579 -1.508486 217.514380 78.059091  1
75.198801 48.305042 1.531320 364.530770 87.448423  1
74.859100 48.442500 1.570796 227.147200 267.670600  1
2002/08/05/big/img_3392
4
114.486400 80.953500 1.357524 169.501800 151.350500  1
71.953400 50.859300 1.380062 309.998600 88.486600  1
50.446400 32.878700 1.538792 268.265400 119.103800  1
36.725700 23.786800 1.246268 25.670800 184.133300  1
2002/08/09/big/img_622
1
129.349848 95.868886 1.495452 134.053075 140.021865  1
2003/01/15/big/img_236
2
69.517900 49.377300 -1.542244 140.981100 84.290200  1
66.137609 47.093600 1.317992 247.523500 98.980645  1
2002/08/11/big/img_643
1
78.984150 47.858693 -1.413615 303.200514 101.613442  1
2002/08/05/big/img_3458
1
80.793558 52.306909 1.436976 162.524830 137.002718  1
2002/08/12/big/img_413
2
97.687455 64.285834 1.537757 181.322575 128.806451  1
67.250884 40.288880 1.414973 98.950107 59.629367  1
2002/08/22/big/img_415
2
74.639364 54.379187 -1.526754 59.910062 139.629761  1
96.833114 70.334334 1.449756 332.761108 124.741367  1
2002/08/13/big/img_635
1
117.454909 70.099051 -1.389642 157.868838 162.398400  1
2002/08/07/big/img_1198
1
165.991298 106.220260 -1.490925 164.021841 187.705734  1
2002/08/04/big/img_873
1
118.056198 77.213073 1.499897 152.934498 256.872015  1
2002/08/12/big/img_407
1
90.010600 65.012800 1.434528 235.864648 109.850600  1
2003/01/15/big/img_346
2
123.961600 80.151000 1.541960 264.615900 219.209400  1
112.536100 66.185500 1.377513 76.073900 153.711800  1
2002/08/02/big/img_275
1
171.785290 128.490955 1.215676 154.654780 248.394935  1
2002/08/17/big/img_997
1
81.680400 54.589600 -1.435703 158.495900 116.497700  1
2002/08/21/big/img_958
1
88.652000 62.915300 1.510181 112.806240 102.240600  1
2002/08/20/big/img_579
1
186.530521 124.473100 1.407573 167.923400 187.950000  1
2002/07/29/big/img_142
3
52.906428 37.196682 -1.504511 72.517018 104.803267  1
46.406436 31.152099 1.547752 205.891318 124.677987  1
50.805114 37.309352 1.362129 374.639771 62.965726  1
2003/01/14/big/img_1115
1
60.901270 40.951352 1.567295 162.957324 240.657952  1
2002/08/16/big/img_365
1
57.830400 43.449500 -1.508163 281.485800 90.266600  1
2002/07/29/big/img_1414
1
136.111643 86.883256 1.480354 148.106640 152.639036  1
2002/08/17/big/img_489
1
60.021400 34.339900 1.367064 66.061600 77.014200  1
2002/08/13/big/img_1010
2
65.111011 44.507200 -1.411418 151.541700 87.642111  1
69.530600 45.653500 1.537366 234.992100 103.870100  1
2002/07/31/big/img_276
2
44.343402 28.679984 -1.515104 261.503749 135.315834  1
25.167096 16.078462 1.511736 184.815756 179.753494  1
2002/07/25/big/img_1000
1
56.167462 38.586537 1.510580 205.940493 92.545960  1
2002/08/23/big/img_524
2
87.416521 61.168505 1.568933 108.128766 92.254192  1
73.758201 52.341927 -1.477505 259.906054 89.627844  1
2002/08/28/big/img_19147
1
68.988918 43.817800 1.407306 208.749200 88.180280  1
2003/01/13/big/img_433
2
75.010646 49.000000 1.435663 123.633773 82.301788  1
63.702300 45.000000 1.555645 299.112791 50.632618  1
2002/08/20/big/img_205
1
118.796900 67.942226 1.350341 214.117444 196.924400  1
2003/01/01/big/img_458
1
143.000000 93.000000 -1.474625 163.513300 183.305100  1
2002/07/29/big/img_1449
1
124.073778 76.893939 1.488924 138.505425 176.430916  1
2003/01/16/big/img_696
4
51.303700 32.464300 -1.510439 77.992800 62.699300  1
64.646000 43.544900 1.378084 163.353400 106.177100  1
18.815500 11.776500 1.515781 253.948387 233.003200  1
23.900800 11.038600 -1.417087 298.191200 196.333300  1
2002/08/28/big/img_19296
3
39.000000 26.740095 -1.483076 19.256900 136.994500  1
82.000000 55.672900 1.552854 127.028100 90.454000  1
75.000000 48.481143 -1.553599 350.022361 94.790431  1
2002/08/29/big/img_18688
1
63.000000 49.226511 -1.450515 221.107438 117.847000  1
2002/08/21/big/img_767
1
69.768600 50.753700 1.568256 135.170999 94.532800  1
2002/08/20/big/img_532
8
60.196011 40.450077 1.459610 153.554093 161.544225  1
71.926800 47.599600 1.566681 273.728386 71.069000  1
9.610357 6.580440 -1.546277 361.016393 124.901639  1
9.000000 6.490300 -1.553343 396.639100 135.545700  1
8.706921 5.517856 -1.525184 412.384615 125.192307  1
11.805457 7.781342 -1.414298 440.690997 126.734793  1
20.153102 12.790015 1.559717 17.082524 118.601941  1
16.503850 10.006154 -1.395971 36.950276 120.900552  1
2002/08/26/big/img_187
1
78.806900 53.227282 -1.552817 231.443518 91.091913  1
2002/07/26/big/img_183
2
96.162172 62.235964 -1.427012 300.751881 122.618091  1
102.975643 70.016613 1.421728 126.611663 115.424529  1
2002/07/27/big/img_890
2
43.303484 31.353012 1.488228 189.162771 93.348913  1
52.491665 31.117120 -1.564271 366.300236 105.577261  1
2003/01/13/big/img_576
1
134.457500 96.207700 -1.551168 130.936700 186.250500  1
2002/07/30/big/img_15
1
51.576521 33.831597 1.473517 229.763627 78.440298  1
2002/07/31/big/img_889
3
92.784787 60.718194 -1.482742 214.456809 248.841703  1
66.442115 44.925971 1.527448 212.067078 120.901327  1
45.515041 33.370029 1.486614 270.657932 83.151442  1
2002/08/31/big/img_17759
1
47.569300 42.000000 -1.567616 192.722000 89.817200  1
2003/01/14/big/img_1114
1
74.801000 48.000000 1.488812 193.553139 88.077053  1
2002/07/19/big/img_445
1
79.527454 46.512405 1.493708 130.388117 109.566999  1
2002/08/03/big/img_593
1
73.187694 42.632370 -1.248065 251.944012 119.848311  1
2002/07/24/big/img_750
1
133.495242 85.118830 -1.548503 193.850892 144.120127  1
2002/07/30/big/img_133
3
41.479842 22.832909 -1.488567 83.774711 55.795716  1
48.269891 31.388343 -1.535180 235.565608 110.723221  1
46.468896 29.199997 1.427992 308.008566 57.650830  1
2002/08/25/big/img_671
3
73.593289 44.000000 1.527196 161.761823 84.884913  1
29.000000 19.000000 -1.486479 233.469162 92.886563  1
41.000000 28.000000 -1.406674 61.792400 127.410800  1
2002/07/20/big/img_351
1
71.712321 53.359060 -1.535890 170.341944 126.147382  1
2002/08/31/big/img_17276
1
85.189600 53.000000 -1.479941 140.899500 103.317400  1
2002/08/05/big/img_3231
1
111.492740 70.458952 1.422726 190.355582 131.431274  1
2002/09/02/big/img_15882
1
134.996600 91.154000 -1.542080 159.892300 149.387000  1
2002/08/14/big/img_115
1
58.476000 31.465411 -1.478548 136.516052 80.673800  1
2002/08/02/big/img_1148
1
108.186528 68.703376 1.561616 182.936986 147.493150  1
2002/07/25/big/img_936
2
74.816237 58.549142 1.505878 167.778952 276.662852  1
59.933500 41.263363 1.551661 214.580939 50.971728  1
2002/07/31/big/img_639
3
48.911673 33.035351 1.472480 112.517455 114.482381  1
46.941316 31.984627 1.510419 240.116883 91.454851  1
45.015092 29.241967 1.465611 335.793687 117.317098  1
2002/08/04/big/img_427
2
47.031778 32.338451 1.477622 119.361365 150.039414  1
46.585225 31.408704 1.400568 289.558184 161.230811  1
2002/08/22/big/img_843
1
72.312484 46.669499 1.493820 156.797785 93.017665  1
2003/01/17/big/img_17
2
153.194200 97.717100 1.375253 154.049700 177.353600  1
35.622900 23.134900 -1.547395 305.227000 182.355900  1
2003/01/13/big/img_690
1
97.978300 67.306300 1.451465 287.983900 121.611085  1
2002/08/13/big/img_472
2
147.520818 104.161940 -1.548436 193.401811 173.984697  1
110.977481 81.814618 -1.435626 353.885174 145.038537  1
2002/08/09/big/img_425
2
78.370032 50.243580 1.456984 164.772750 146.255289  1
83.473392 48.167282 -1.393710 241.814248 114.040677  1
2002/08/05/big/img_3450
2
46.314094 33.783500 -1.486785 109.758700 156.965000  1
66.989440 45.609300 1.485682 244.604800 84.320600  1
2003/01/17/big/img_439
1
67.449500 39.449400 -1.517597 147.542400 117.233700  1
2002/08/13/big/img_539
3
63.826722 42.024500 1.555782 174.510000 81.360000  1
52.353800 35.086000 -1.459984 232.084600 86.576300  1
50.776087 36.042232 -1.326551 356.311908 99.218137  1
2002/07/28/big/img_35
1
88.034808 59.773096 1.497458 181.320496 117.875117  1
2002/08/16/big/img_241
2
144.950200 89.589300 1.522242 164.572900 193.687300  1
119.629600 85.271800 -1.537084 322.599800 90.802600  1
2002/08/06/big/img_2898
1
150.411110 100.161002 -1.279792 153.533375 183.834243  1
2003/01/16/big/img_429
3
103.547400 72.251900 -1.528433 265.631900 140.896600  1
31.103900 20.531400 -1.559061 130.061000 232.804900  1
38.649800 27.769200 -1.550685 204.522300 189.406600  1
2002/08/05/big/img_3817
1
75.416619 45.442477 1.545317 164.815052 94.324459  1
2002/08/27/big/img_19919
3
46.401100 32.000000 1.439058 83.103400 73.301300  1
47.576615 30.965200 -1.527615 228.586854 88.893299  1
48.249300 31.271346 -1.536407 379.288961 80.483100  1
2002/07/19/big/img_422
2
104.946766 71.261304 1.570796 344.178880 136.034434  1
36.459190 26.864454 0.810004 116.500000 45.500000  1
2002/08/15/big/img_560
5
53.962335 38.802800 -1.453645 151.838848 234.981294  1
58.000000 47.000000 -1.518436 52.000000 76.000000  1
51.547600 42.493700 1.518436 137.449700 126.684900  1
59.024800 41.131692 -1.570294 204.960000 189.360000  1
64.352100 43.412032 1.522918 320.387096 187.580600  1
2002/07/23/big/img_750
1
172.620109 100.626057 1.485951 155.564829 181.423355  1
2002/07/30/big/img_353
1
108.424907 66.765755 1.540070 145.767195 167.153900  1
2002/08/05/big/img_43
1
120.778585 73.687420 1.362189 157.232392 150.919993  1
2002/08/23/big/img_305
2
74.268475 50.741577 1.551841 192.866501 107.023943  1
73.576655 49.689331 -1.269449 325.037823 101.791436  1
2002/08/01/big/img_2137
1
82.497261 50.751129 1.525345 149.756837 112.549497  1
2002/08/30/big/img_18097
3
37.000000 26.188000 1.496051 80.269079 4.979649  1
34.000000 23.790265 1.417474 188.732600 13.404200  1
54.000000 31.821700 1.298270 156.803800 81.827400  1
2002/08/01/big/img_1389
5
66.476922 42.852496 1.539800 65.775308 309.598702  1
60.302659 38.887554 1.550474 216.458172 220.803285  1
26.923457 18.060388 1.215366 311.379152 60.550973  1
28.945139 16.203264 -1.513508 307.411501 208.166134  1
28.790837 18.341089 -1.549571 310.145514 339.698338  1
2002/08/02/big/img_308
1
51.220318 36.673488 1.483827 159.630498 183.831251  1
2003/01/14/big/img_652
2
69.859700 44.370000 1.493552 164.603839 93.572000  1
51.801000 35.267800 1.544191 285.369900 117.941900  1
2002/08/01/big/img_1798
2
50.852676 32.776855 1.516018 130.744576 178.204446  1
65.479613 41.118539 -1.488687 318.060248 157.898820  1
2003/01/14/big/img_732
1
62.923800 45.380000 1.570697 144.730189 79.870000  1
2003/01/16/big/img_294
3
51.699100 30.966500 1.420618 78.718100 93.274100  1
43.389600 30.575700 1.445260 196.771100 76.258300  1
30.204200 22.415200 1.529790 25.294700 169.954300  1
2002/08/26/big/img_213
4
27.832140 17.907562 1.531461 29.677926 238.164179  1
21.955022 16.763555 1.546456 81.410104 179.062407  1
20.996342 13.929493 1.566211 218.276190 198.847619  1
66.090416 37.980991 -1.476101 161.442388 165.818358  1
2002/07/24/big/img_842
1
131.046596 87.809798 1.499137 163.287356 156.888313  1
2003/01/13/big/img_630
1
96.363788 63.123309 1.411730 188.178551 163.539963  1
2003/01/13/big/img_634
1
61.030009 43.000000 -1.484176 267.962070 153.493264  1
2002/08/06/big/img_2285
1
115.966747 64.427029 1.522032 149.400927 159.125916  1
2002/08/01/big/img_2162
1
57.338206 36.220035 -1.505910 222.570967 104.797580  1
2002/08/30/big/img_18134
1
67.000000 41.730200 1.550760 176.061304 83.704600  1
2002/08/02/big/img_1045
3
75.627877 49.817979 -1.385712 216.007575 108.813762  1
40.578560 25.862137 1.370360 40.875000 53.945833  1
12.590626 7.155888 -1.548742 74.173913 7.826086  1
2002/08/01/big/img_2143
3
66.637512 41.444473 1.462796 75.288272 117.056261  1
91.557997 66.626366 1.440822 221.705937 113.512333  1
58.779696 41.303646 1.493758 370.840474 112.056379  1
2002/07/25/big/img_135
1
175.004509 107.564043 -1.401185 177.158532 204.322714  1
2002/07/20/big/img_645
2
103.964851 70.949431 -1.535890 121.777013 136.727342  1
68.153510 48.713132 -1.570796 237.776293 131.132762  1
2002/08/05/big/img_3666
15
61.219562 36.872155 -1.470043 105.168507 88.108783  1
41.706414 26.729072 1.498043 213.978350 116.455530  1
67.986120 45.069302 1.225017 113.243928 265.095866  1
48.464433 29.375427 -1.566447 278.405463 138.252649  1
40.774494 23.358404 1.553099 325.920925 61.770718  1
30.250051 19.951373 -1.562755 297.332296 47.986932  1
15.653324 10.639365 1.480111 12.511905 39.979592  1
14.717430 10.347477 1.529041 43.734694 29.228571  1
13.055142 9.811163 1.531970 57.091346 40.276442  1
21.654085 14.593119 1.459822 64.035315 76.399628  1
19.573857 12.842760 1.561198 153.865421 69.323364  1
50.734513 32.626522 1.412589 36.571927 134.428945  1
15.081296 12.082230 1.381756 252.147122 47.166311  1
14.635638 11.295629 -1.351516 251.990826 68.011468  1
23.479970 15.208606 -1.494853 412.885638 51.014184  1
2002/08/14/big/img_523
2
49.524200 33.372300 -1.528491 184.160600 64.358000  1
56.051800 34.679200 -1.453908 375.768200 68.602400  1
2002/08/04/big/img_425
1
161.733650 104.458798 1.361149 146.721584 188.744569  1
2003/01/14/big/img_137
1
129.643295 78.437387 -1.508916 138.835075 178.634327  1
2003/01/01/big/img_176
1
57.000000 35.000000 1.570796 158.336576 76.514591  1
2002/08/15/big/img_505
1
62.595253 39.703200 -1.470848 183.122000 69.969500  1
2002/08/24/big/img_386
2
132.427213 89.578988 1.517235 122.172495 138.666190  1
149.592457 103.933450 -1.569220 339.787261 47.453911  1
2002/08/05/big/img_3187
2
57.717900 42.872300 -1.565232 179.850400 73.976359  1
62.740400 41.956100 -1.293430 261.277400 127.356700  1
2002/08/15/big/img_419
1
91.458800 60.083600 -1.495053 178.369200 111.582200  1
2003/01/13/big/img_520
3
56.016851 39.000000 -1.359416 206.454061 80.972206  1
26.453958 17.000000 1.489172 10.614285 81.571428  1
22.337401 17.000000 1.286360 108.563855 36.467469  1
2002/08/04/big/img_444
2
72.969151 43.542065 -1.561923 183.148890 126.385859  1
35.091749 20.325170 -1.473312 15.507936 245.798318  1
2002/08/26/big/img_483
2
100.866144 66.000000 -1.442960 162.624700 133.894900  1
88.375153 53.663500 1.386737 309.221005 127.521755  1
2002/08/05/big/img_3449
1
158.849642 116.553420 -1.549294 153.409215 190.494297  1
2002/08/30/big/img_18409
1
59.698700 41.000000 -1.480153 177.216000 88.741400  1
2002/08/28/big/img_19455
2
96.000000 65.874700 1.523658 89.552383 139.108900  1
102.999998 71.538225 1.387474 257.638700 133.138400  1
2002/08/27/big/img_20090
1
64.092156 38.857600 1.430902 324.787103 118.535648  1
2002/07/23/big/img_625
3
80.211545 45.081401 1.516960 167.689760 102.646238  1
41.938607 25.790267 -1.541142 3.851830 262.740848  1
36.139325 20.139217 -1.449659 443.368995 267.966703  1
2002/08/24/big/img_205
1
73.864953 47.516890 -1.323550 288.175159 112.242038  1
2002/08/08/big/img_938
1
157.530336 104.608129 -1.391751 150.515373 189.321120  1
2003/01/13/big/img_527
2
103.693300 78.000000 -1.530945 99.764700 116.439100  1
79.815900 58.000000 1.488120 233.217700 130.933200  1
2002/08/07/big/img_1712
1
104.923286 66.423471 1.525072 126.350317 130.576296  1
2002/07/24/big/img_801
1
87.119803 53.925875 -1.567337 288.806984 88.268272  1
2002/08/09/big/img_579
1
126.359827 81.236736 1.479484 144.105520 154.670118  1
2003/01/14/big/img_41
3
20.634800 14.108400 -1.337765 58.569600 85.588600  1
64.415600 42.253900 1.502145 128.390000 77.865000  1
67.579100 45.424700 -1.533640 264.968200 140.471400  1
2003/01/15/big/img_1130
2
78.917200 49.919800 -1.442696 166.705200 224.931900  1
264.442900 170.694600 -1.567676 69.746000 19.962600  1
2002/07/21/big/img_672
1
70.464039 42.179630 1.500991 241.167943 110.559897  1
2002/08/07/big/img_1590
1
98.285255 59.654128 1.500891 233.057789 176.344996  1
2003/01/01/big/img_532
4
70.429215 41.000000 -1.336618 151.321907 75.865170  1
45.737000 30.000000 -1.540124 225.734906 112.990400  1
68.983400 46.875077 1.442546 313.411900 165.807500  1
46.097392 31.000000 1.480327 389.808370 137.583700  1
2002/08/02/big/img_529
1
210.878337 126.130865 1.496399 155.745804 148.238694  1
2002/08/05/big/img_3591
1
109.405012 76.334859 1.524620 158.040578 197.746647  1
2002/08/23/big/img_5
1
84.992682 60.859032 -1.552304 118.673761 264.106603  1
2003/01/14/big/img_882
3
48.502100 31.209300 1.448906 121.825400 98.471700  1
39.051300 27.479300 1.439781 63.043900 40.139200  1
41.306700 30.126400 -1.565683 213.892700 51.040900  1
2002/08/28/big/img_19234
8
61.448600 41.415400 1.554127 211.117500 151.488900  1
30.885300 19.999981 1.555571 18.416342 198.816400  1
24.471060 16.999984 -1.567604 20.448255 109.504211  1
24.999351 16.999984 -1.488194 27.009174 155.811924  1
25.420942 18.840466 -1.561354 129.635374 97.135373  1
28.516660 20.052558 1.518436 234.000000 78.000000  1
25.363589 16.999984 1.527064 347.773641 226.868947  1
24.516010 15.431925 1.530821 256.329800 216.059200  1
2002/07/24/big/img_398
1
138.277379 87.599361 1.504910 129.303953 158.434337  1
2003/01/14/big/img_592
1
122.709900 81.019300 1.506135 144.806600 140.960000  1
2002/08/22/big/img_548
1
66.676988 40.963262 1.487261 121.580622 92.486345  1
2002/08/12/big/img_761
4
66.778500 51.630400 -1.305270 119.020900 166.429224  1
68.973453 43.166300 -0.726507 105.355660 63.985657  1
69.077200 44.569800 1.536964 215.267200 83.563682  1
63.481526 44.176200 -1.532832 388.728400 74.443655  1
2003/01/16/big/img_497
4
33.623800 20.519900 -1.496512 44.059100 120.929759  1
35.319088 21.886082 -1.460999 120.424698 113.986445  1
37.833013 23.705129 -1.433852 195.928977 76.731818  1
39.365810 24.656054 -1.546371 312.705500 58.268538  1
2002/08/18/big/img_133
1
84.529100 51.863100 1.442330 190.975200 156.989200  1
2002/08/08/big/img_874
3
77.908566 57.679022 1.547556 83.056162 112.571395  1
62.837223 42.257738 1.562294 259.178096 115.548032  1
54.825596 28.328111 -1.551307 356.000000 105.654237  1
2002/07/19/big/img_247
2
92.752136 66.388777 1.551172 151.617350 132.657160  1
62.808284 33.760976 1.551600 281.396804 211.798861  1
2002/08/15/big/img_170
1
141.373900 91.113800 -1.535495 246.029100 156.774000  1
2002/08/27/big/img_19679
1
79.936080 51.000000 -1.470023 175.299401 174.494066  1
2002/08/20/big/img_246
1
62.702488 39.866300 -1.491194 132.434675 89.672600  1
2002/08/24/big/img_358
1
66.796461 41.611337 1.505271 147.267829 89.784701  1
2002/07/29/big/img_599
1
152.711956 99.927727 -1.511019 171.122559 206.762913  1
2002/08/01/big/img_1555
1
72.958991 43.581837 -1.457090 175.202435 97.440396  1
2002/07/30/big/img_491
1
102.471220 68.642157 1.510753 133.057232 153.405185  1
2002/07/30/big/img_371
1
169.019011 104.076602 1.363990 176.528244 141.016131  1
2003/01/16/big/img_682
1
86.434600 53.700600 -1.406912 142.073200 120.824300  1
2002/07/25/big/img_619
1
62.134227 44.916690 1.495833 228.962649 95.746328  1
2003/01/15/big/img_587
1
77.135200 51.919500 -1.407257 194.106500 109.912000  1
2002/08/02/big/img_1212
1
49.759914 33.504203 -1.519396 243.599163 92.944476  1
2002/08/01/big/img_2152
3
57.732164 42.180819 -1.564326 129.423011 79.097097  1
60.483350 36.072545 1.387915 291.454230 74.591469  1
25.826245 17.032643 1.456158 404.788413 101.904282  1
2002/07/25/big/img_668
1
67.386463 40.509037 -1.543483 180.122276 90.041436  1
2003/01/16/big/img_574
4
71.134106 43.708150 1.325608 161.236830 153.352475  1
47.926711 32.078906 -1.569496 341.403419 200.552789  1
45.594831 30.207628 -1.438688 14.132845 154.892138  1
38.246300 24.000000 1.518325 127.400000 48.400000  1
2002/08/28/big/img_19464
3
49.000000 33.607900 1.447060 102.227996 62.576200  1
47.000000 32.454200 1.533326 253.445502 119.156199  1
46.000000 30.192884 -1.474877 405.378300 115.218600  1
2002/08/11/big/img_536
2
44.774774 28.462500 1.243194 77.345300 152.987800  1
47.295422 32.388627 -1.512604 323.919655 120.566046  1
2002/07/24/big/img_201
1
82.027100 55.734400 1.487123 208.495900 100.066100  1
2002/08/05/big/img_3488
1
79.338161 48.420313 1.562037 211.573643 142.870202  1
2002/07/25/big/img_887
1
174.714111 104.492950 1.497961 162.339031 190.692364  1
2002/07/22/big/img_789
2
67.380818 44.043986 1.463259 143.206272 137.784452  1
61.113209 45.633472 1.382443 298.978999 88.500196  1
2002/07/30/big/img_432
1
68.143212 40.690171 1.500922 177.547623 113.121671  1
2002/08/16/big/img_166
1
62.214000 40.547600 1.201226 109.386800 100.578000  1
2002/09/01/big/img_16333
1
62.690700 42.102400 1.403665 161.855400 317.368700  1
2002/07/26/big/img_1010
13
65.132690 43.886122 1.446025 42.615092 146.943901  1
30.954186 22.139611 -1.524464 106.968253 66.215654  1
38.821731 25.401113 1.515811 173.757105 78.986218  1
83.935408 55.292576 -1.309599 328.019949 171.286041  1
23.150835 16.111203 -1.537475 249.401191 72.672293  1
22.319739 16.764533 -1.428770 298.842459 74.689721  1
17.568164 13.503240 1.371414 289.162790 37.753230  1
15.315078 10.693916 -1.460601 321.719298 36.533625  1
21.449721 16.573971 -1.458241 341.907470 37.079796  1
50.068582 34.312654 -1.122595 406.221892 110.526407  1
14.762685 11.198470 -1.483401 375.887820 21.149038  1
17.115912 13.072459 -1.526967 403.329184 39.939142  1
13.191488 10.256280 1.461117 344.719101 15.081460  1
2002/07/21/big/img_793
1
120.839396 74.115166 1.378993 138.611739 145.079063  1
2002/07/22/big/img_720
1
66.562364 42.055227 -1.564339 256.880981 112.320481  1
2002/07/31/big/img_337
1
104.978897 80.168787 -1.558617 170.862893 125.183231  1
2002/07/27/big/img_185
3
49.398595 30.328042 1.545866 112.637133 219.602356  1
46.500360 30.143690 -1.406428 257.844720 126.760680  1
40.582856 29.695096 -1.024293 177.223663 71.849846  1
2002/08/23/big/img_440
2
64.419831 42.385119 -1.551359 141.469822 108.338987  1
60.097117 42.940849 1.439957 239.324262 94.962143  1
2002/07/31/big/img_801
3
70.288203 45.495364 1.397618 58.803343 89.109303  1
82.528885 51.263970 1.320956 189.239126 110.448591  1
65.076636 43.306155 1.485481 299.677179 125.118578  1
2002/07/25/big/img_478
1
192.456928 120.484052 -1.546662 152.002128 197.847228  1
2003/01/14/big/img_171
2
97.429400 64.288500 1.409760 220.375500 100.149800  1
70.665900 48.024864 -1.511986 132.340769 128.049952  1
2002/08/07/big/img_1054
1
58.101517 36.986554 1.443602 150.758909 214.655680  1
2002/09/02/big/img_15659
4
57.782000 34.692400 -1.134703 93.944700 70.697700  1
56.961204 40.898200 -1.568395 218.469700 109.632700  1
57.879400 38.888000 1.364849 351.060200 89.097300  1
59.991300 38.617600 -1.448060 192.690700 112.330400  1
2002/07/29/big/img_1348
3
70.107798 56.730170 -1.421203 192.981367 311.394434  1
68.787035 47.358161 1.543487 127.851787 75.767589  1
64.054300 39.422868 -1.254830 51.680815 10.894707  1
2002/08/09/big/img_337
2
72.126919 53.035538 1.435977 90.082273 233.704263  1
91.304718 68.334443 1.376150 184.419311 111.562619  1
2002/08/26/big/img_684
3
65.939511 39.705400 -1.510693 95.638500 83.043430  1
62.875000 39.615900 1.566995 238.773522 88.217986  1
58.812845 36.727200 -1.513576 385.364700 76.950019  1
2002/07/31/big/img_537
1
86.780537 50.486231 1.543226 143.186184 147.242375  1
2002/08/15/big/img_808
2
62.501490 48.106400 1.524531 86.337200 194.737600  1
66.586376 49.699700 1.550880 325.653300 100.278900  1
2003/01/13/big/img_740
1
85.542000 56.000000 1.452591 160.303884 159.915700  1
2002/08/07/big/img_1667
1
67.020988 42.961089 1.543670 130.898707 106.072582  1
2002/08/03/big/img_404
1
74.962426 49.219023 -1.520826 195.904829 114.072758  1
2002/08/06/big/img_2520
10
37.522309 23.201600 1.492430 30.939592 45.692440  1
32.314747 21.726906 1.554322 160.506008 35.216733  1
36.268861 24.180723 -1.520170 230.881914 56.885052  1
33.515504 21.178912 -1.302609 297.560876 39.554763  1
32.792142 22.012621 -1.535865 367.484911 38.589490  1
56.004003 36.532392 -1.353462 277.362979 155.875308  1
58.988465 38.577103 -1.417429 357.686076 161.945128  1
61.932079 44.711074 -1.240658 383.946837 236.092650  1
50.134648 34.866262 -1.531511 105.694987 101.624812  1
39.578942 25.445782 1.516942 450.000000 148.505338  1
2002/07/19/big/img_230
1
148.489001 101.751558 1.570796 151.545049 211.357082  1
2002/07/19/big/img_356
2
67.405822 42.221509 1.358210 205.600540 47.743305  1
76.259993 44.178535 1.378810 119.988345 218.901348  1
2003/01/16/big/img_627
1
295.159100 199.244508 -1.514296 180.828490 246.852300  1
2002/08/04/big/img_474
2
68.752301 48.257033 1.471133 122.531069 65.961705  1
65.082516 43.650426 1.449144 340.288580 74.869645  1
2002/07/29/big/img_833
7
30.487385 18.958118 1.377340 8.065337 83.101882  1
67.187829 46.025172 -1.402205 101.384894 95.286357  1
51.381446 30.844512 1.530082 172.497380 168.575952  1
55.864242 35.940170 1.535743 255.817836 207.711574  1
34.328129 21.311713 1.516732 183.414804 51.129422  1
43.731763 28.017420 1.540841 261.865671 102.087357  1
40.420941 23.953114 1.547538 306.187673 4.984453  1
2002/07/25/big/img_176
1
77.380411 46.193484 -1.530738 147.773038 93.733701  1
2002/08/01/big/img_1684
1
49.163256 32.366700 -1.407288 146.913183 61.445694  1
2002/08/21/big/img_643
2
47.079700 29.791900 1.414113 148.909100 158.281400  1
50.320400 33.303500 1.294650 292.738600 173.695700  1
2002/08/27/big/img_19673
1
102.136772 68.000000 -1.388453 167.089538 122.011685  1
2002/08/02/big/img_838
7
59.177140 40.777550 -1.570375 64.399873 85.463028  1
67.547538 45.830093 -1.516668 113.989067 162.103053  1
69.584343 46.655143 1.507825 198.375507 166.112504  1
71.780577 44.154045 -1.530855 383.798810 78.793423  1
59.276209 42.823574 -1.557987 246.023520 69.931674  1
54.805962 37.578859 -1.448553 122.562837 6.398139  1
56.222662 39.660727 1.441931 297.041112 7.932705  1
2002/08/06/big/img_2378
3
48.228500 38.144100 1.505134 161.563200 100.019000  1
53.509800 35.645100 -1.415181 368.773400 113.375900  1
41.688100 29.039600 1.542412 423.755100 165.351000  1
2003/01/15/big/img_48
1
93.858100 66.071200 -1.538530 244.799000 108.995900  1
2002/07/30/big/img_470
1
144.125167 93.541016 1.312581 133.220631 165.403217  1
2002/08/15/big/img_963
2
69.843000 42.448700 -1.422052 175.869800 90.967300  1
70.862900 40.343700 -1.495011 323.963300 101.366600  1
2002/08/24/big/img_444
3
121.258234 83.740401 -1.448175 173.441133 173.906500  1
29.353657 20.526817 1.539346 41.278920 181.636246  1
27.242254 19.904853 1.566582 285.300307 145.529185  1
2002/08/16/big/img_662
2
86.592000 58.142400 -1.569632 26.401400 172.001400  1
92.345900 61.428900 -1.506702 161.866600 122.044500  1
2002/08/15/big/img_1209
3
54.119800 35.387400 -1.553006 44.514800 186.920100  1
58.953600 39.583800 1.426698 207.254700 196.298100  1
12.554500 7.811200 -1.505315 288.449900 198.095571  1
2002/07/24/big/img_25
5
45.178956 27.051190 1.534671 398.500000 53.482142  1
39.154700 26.000000 1.570796 321.960264 37.500000  1
36.399370 28.207673 1.534029 123.250000 32.892857  1
79.245536 51.866245 1.404210 98.948595 113.585107  1
67.536426 42.606925 -1.474373 259.896618 94.840579  1
2002/08/06/big/img_2740
2
98.433123 56.613695 -1.555573 220.184218 114.182673  1
107.591827 69.626612 -1.557547 314.963550 156.880015  1
2002/07/29/big/img_996
1
84.685733 49.412363 -1.491313 155.792685 114.946059  1
2002/08/31/big/img_18074
2
142.000000 84.000000 -1.511329 133.830900 173.927700  1
118.000000 65.000000 1.280821 323.930939 169.776900  1
2002/08/04/big/img_343
1
69.371552 44.246872 -1.492985 223.325063 126.940414  1
2003/01/17/big/img_509
1
150.196000 87.421900 -1.542035 132.048700 188.896400  1
2003/01/13/big/img_726
2
33.810580 28.000000 1.252575 98.195357 84.593810  1
42.312156 31.000000 1.247908 291.021129 93.678992  1
2002/08/07/big/img_1466
1
65.984847 44.801163 1.443462 128.726339 101.563066  1
2002/07/26/big/img_307
1
66.165976 43.183419 -1.568435 142.251645 116.289079  1
2002/08/10/big/img_598
3
123.220107 84.308000 1.070525 91.166676 169.608736  1
137.503599 88.882300 1.569764 232.454000 146.552440  1
134.758000 87.405711 -1.094724 371.435000 156.424600  1
2002/08/13/big/img_890
1
54.164430 35.150000 -1.499994 133.328653 78.119157  1
2002/08/14/big/img_997
2
68.270800 50.894800 1.538164 133.714300 111.404800  1
66.331800 43.541600 -1.538848 315.658100 142.681000  1
2002/07/19/big/img_392
1
62.015144 40.985774 1.555016 226.664423 84.425724  1
2002/08/02/big/img_475
1
62.676504 44.513096 1.345845 143.031758 84.200087  1
2002/08/29/big/img_19038
3
59.000000 42.876700 -1.454221 140.228200 82.957800  1
33.000000 22.409797 1.547619 281.831744 164.981765  1
62.000000 37.042800 -1.459572 361.661800 126.751900  1
2002/07/29/big/img_538
1
99.219655 62.745964 1.539814 171.070931 117.375111  1
2002/07/29/big/img_502
4
77.980084 52.137678 -1.565359 71.246106 136.408849  1
83.444818 55.843130 1.543234 166.043021 281.993471  1
79.726083 51.904757 1.531888 233.431150 119.147643  1
72.331134 38.901802 -1.516715 292.013903 352.235650  1
2002/08/02/big/img_364
1
144.727456 87.025954 1.529753 146.765802 176.989775  1
2002/08/31/big/img_17353
1
57.575900 34.060179 1.557484 255.667300 79.499700  1
2002/08/08/big/img_539
1
91.537575 56.097501 1.538487 226.280588 101.654685  1
2002/08/01/big/img_1449
1
112.836710 74.498454 1.540261 141.247601 253.832595  1
2002/07/22/big/img_363
1
141.883956 99.935945 -1.539872 192.037345 185.398676  1
2002/08/02/big/img_90
1
131.017908 87.916579 -1.564873 168.868968 205.940189  1
2002/09/01/big/img_16867
1
62.031000 45.805500 1.485753 236.025900 148.469700  1
2002/08/05/big/img_3371
1
201.453392 130.472694 -1.359682 197.345474 226.854536  1
2002/07/30/big/img_342
2
165.058746 103.966763 1.343672 177.657436 207.579025  1
113.624906 73.709749 1.523454 295.721183 244.333532  1
2002/08/07/big/img_1363
3
60.798218 36.053811 1.365931 49.063896 77.280117  1
62.356128 44.574459 1.432558 133.032908 171.835921  1
69.223705 46.075068 1.558012 180.917921 111.019772  1
2002/08/22/big/img_790
5
58.698269 41.561633 1.391813 43.947618 206.333152  1
15.323044 11.516698 1.519309 10.759345 249.827102  1
51.346370 34.094604 1.410640 208.338648 243.820570  1
60.639317 38.038706 1.485425 373.080805 187.408326  1
38.797749 26.607877 -1.564926 315.013557 200.096548  1
2003/01/15/big/img_404
1
91.597600 59.236500 1.430762 114.898000 215.858800  1
2002/08/05/big/img_3447
1
79.361953 47.382664 1.458894 179.716176 122.381468  1
2002/09/01/big/img_16167
1
143.245900 93.212600 -1.552144 233.966700 174.676600  1
2003/01/13/big/img_840
1
67.957680 44.000000 -1.510041 83.284331 91.679007  1
2002/08/22/big/img_1001
1
42.746400 29.418700 1.423431 93.508500 65.758200  1
2002/08/09/big/img_431
1
103.880195 65.957421 -1.564951 130.616840 112.369842  1
2002/07/27/big/img_618
1
54.797185 36.758058 1.452489 172.402162 63.912893  1
2002/07/31/big/img_741
2
105.418164 70.690711 1.388223 97.949621 113.929269  1
95.316011 66.351293 -1.297118 316.502450 119.606162  1
2002/07/30/big/img_964
1
116.103133 74.974992 -1.482345 146.041389 142.092995  1
2002/07/25/big/img_86
1
152.949066 106.735611 1.521351 204.978406 208.336139  1
2002/07/29/big/img_275
2
72.759846 44.729493 -1.564470 120.846335 79.919124  1
63.641791 40.211623 1.443352 332.078197 149.360253  1
2002/08/21/big/img_921
3
79.696200 56.722500 1.414815 163.952600 61.806500  1
49.019455 38.525292 1.535890 123.231517 282.346304  1
56.770428 39.276264 1.466077 187.270428 283.474708  1
2002/07/26/big/img_892
6
35.198569 24.703276 1.422191 76.884068 57.834085  1
52.472999 35.325559 1.373313 232.248806 71.091665  1
34.161504 23.070327 1.507215 312.734458 55.087921  1
38.420728 27.418193 -1.556402 391.902203 104.320257  1
30.757227 22.583612 1.535403 207.958195 108.605839  1
33.908550 21.514588 1.570400 370.132065 77.081880  1
2002/08/21/big/img_663
3
56.633300 38.710100 1.497321 43.378400 169.283000  1
100.091900 74.097200 1.431516 218.192800 195.680400  1
59.162200 44.585900 1.427086 365.817900 126.607300  1
2003/01/13/big/img_567
1
63.389700 40.000000 -1.567417 164.585369 93.354264  1
2003/01/14/big/img_719
1
108.201300 71.161900 -1.559268 158.625800 130.490900  1
2002/07/28/big/img_251
1
93.293183 61.534439 1.544614 191.329873 161.953242  1
2003/01/15/big/img_1123
1
51.507900 34.511100 1.416914 217.642300 73.110600  1
2002/07/29/big/img_260
2
77.574187 47.033003 1.485952 120.947243 45.298954  1
86.010524 62.018720 -1.506466 156.257850 317.368801  1
2002/08/24/big/img_337
1
173.862309 105.090941 -1.533715 212.349027 186.873968  1
2002/08/01/big/img_1914
2
62.309401 37.105541 -1.519997 96.333333 99.500000  1
57.355749 34.011568 -1.331525 174.380766 292.991213  1
2002/08/13/big/img_373
2
55.645920 33.853700 1.367028 94.474800 106.496402  1
54.128665 30.036000 1.523477 181.978100 71.449967  1
2003/01/15/big/img_589
1
87.807200 52.607900 -1.470957 211.705300 97.770900  1
2002/08/13/big/img_906
2
65.233400 42.008800 1.537602 141.880355 123.974763  1
67.929372 51.412400 1.565379 247.375241 70.289837  1
2002/07/26/big/img_270
1
70.206207 45.872849 1.498066 157.609235 87.707240  1
2002/08/26/big/img_313
1
51.330738 34.107500 -1.546723 159.879377 69.772374  1
2002/08/25/big/img_694
3
61.922730 37.961400 -1.434751 81.033900 92.793023  1
58.059258 34.000000 -1.394343 244.768500 76.958402  1
57.570193 39.921400 -1.512979 355.772100 144.593801  1
2003/01/01/big/img_327
1
139.000000 89.000000 1.469836 153.732600 184.898400  1
2002/07/23/big/img_261
1
189.000000 113.000000 1.556348 178.714286 225.571429  1
2002/08/26/big/img_642
1
60.909002 43.193800 1.501564 134.045544 249.611881  1
2002/07/29/big/img_918
1
53.536029 34.764312 1.426876 340.589009 64.125363  1
2002/07/23/big/img_455
2
78.029810 56.060461 1.550232 61.598553 126.227573  1
90.116904 58.698374 -1.564530 335.159180 109.509957  1
2002/07/24/big/img_612
2
61.680561 35.135177 1.543290 237.460482 80.388777  1
46.960788 34.555425 1.543989 405.719610 154.942021  1
2002/07/23/big/img_534
3
45.466437 29.918694 1.502495 36.756307 193.014133  1
57.709434 42.752902 1.539110 121.935909 132.438271  1
75.059726 49.001490 1.419967 231.623093 95.278859  1
2002/07/19/big/img_534
1
113.445468 76.234413 1.448623 232.135522 168.062995  1
2002/07/19/big/img_726
4
70.332007 46.295552 1.483530 125.844687 101.132786  1
52.971384 34.184532 -1.308997 356.539017 77.029882  1
32.087113 23.120212 -1.274090 428.254834 73.143102  1
15.701072 12.103342 1.535890 277.518072 68.822719  1
2002/08/01/big/img_2146
8
31.972116 19.407983 1.531332 28.603328 53.288488  1
19.129373 12.399444 1.435770 61.226613 27.776021  1
20.093472 14.095698 1.512085 155.400437 22.849015  1
41.945978 25.263058 -1.566582 142.176247 100.917728  1
26.542801 18.410506 -1.441401 66.169260 168.788911  1
58.989282 35.555646 1.556697 196.884685 230.103128  1
34.989320 19.298252 1.521177 292.429961 67.520428  1
28.572957 16.886187 1.539834 403.343384 13.789883  1
2002/08/02/big/img_543
1
86.938010 57.375109 1.543867 129.149504 94.144151  1
2003/01/16/big/img_777
2
82.902800 54.601900 1.293640 101.506800 138.664900  1
88.841000 55.292600 1.434401 279.945800 129.408500  1
2002/07/30/big/img_484
1
121.815875 83.858410 -1.541788 150.385542 149.644306  1
2002/08/13/big/img_1161
4
44.631600 31.186011 1.545841 139.098100 174.530000  1
53.423955 32.415900 1.414959 218.682000 115.192200  1
52.988600 36.915447 1.497453 335.825171 87.277700  1
88.187513 54.869800 -1.272935 190.324400 24.981900  1
2002/07/21/big/img_390
15
52.913983 38.676924 1.570796 154.564115 72.137436  1
57.630254 38.858445 -1.570796 368.086946 103.698785  1
14.796839 9.495009 -1.476971 11.562500 64.000000  1
11.663340 8.594950 1.570796 29.310000 16.860000  1
10.474840 6.446161 1.537511 56.308772 61.115789  1
10.317427 6.588444 -1.518036 68.190476 66.047619  1
14.627938 9.760785 1.540466 46.557895 126.621053  1
15.105899 11.105990 1.500951 21.698454 192.811856  1
22.612737 12.306408 1.570678 11.515789 157.231579  1
13.277694 9.183966 1.518156 267.899999 133.542857  1
19.504868 13.873225 1.478174 312.081831 186.809986  1
12.797607 9.272731 1.560754 300.375000 19.875000  1
11.137762 9.314331 -1.541396 334.624242 139.975758  1
14.066549 10.912806 -1.537225 437.023529 87.011765  1
11.888453 8.973735 1.553551 232.000000 27.789474  1
2002/08/06/big/img_2288
1
70.008977 41.967684 -1.550334 247.877019 156.474865  1
2002/08/21/big/img_677
1
51.062200 32.492500 -1.551868 160.011200 74.436900  1
2002/08/13/big/img_747
1
102.817900 74.656100 1.540193 146.541800 143.771300  1
2002/08/15/big/img_1248
1
124.724100 82.281500 1.419857 151.835800 178.481400  1
2002/07/31/big/img_416
2
46.933824 31.553386 -1.545362 159.353092 158.004279  1
49.386661 30.294138 1.551663 273.093905 121.841249  1
2002/09/02/big/img_15259
1
88.955774 59.968100 -1.522517 117.157300 113.089700  1
2002/08/16/big/img_781
1
126.047000 82.276700 -1.552545 152.024500 159.701900  1
2002/08/24/big/img_754
3
62.855558 37.415954 1.498581 97.089391 71.132491  1
54.875467 34.112645 -1.544131 252.126571 153.842397  1
52.685685 31.652593 -1.513797 355.459160 132.129404  1
