2002/08/11/big/img_591
1
123.583300 85.549500 1.265839 269.693400 161.781200  1
2002/08/26/big/img_265
3
67.363819 44.511485 -1.476417 105.249970 87.209036  1
41.936870 27.064477 1.471906 184.070915 129.345601  1
70.993052 43.355200 1.370217 340.894300 117.498951  1
2002/07/19/big/img_423
1
87.080955 59.379319 1.550861 255.383099 133.767857  1
2002/08/24/big/img_490
1
54.692105 35.056825 -1.384924 145.665694 78.101005  1
2002/08/31/big/img_17676
2
37.099961 29.000000 1.433107 28.453831 37.664572  1
79.589662 49.835046 -1.457361 112.514300 92.364284  1
2002/07/31/big/img_228
2
55.012198 33.056167 -1.540952 103.432230 107.856136  1
59.442926 36.625328 1.530747 295.300230 69.635719  1
2002/07/24/big/img_402
3
25.823639 19.002657 1.518290 347.991319 56.781250  1
79.154700 42.000000 -1.466077 120.500000 118.000000  1
16.065568 11.983094 1.520238 430.541176 58.189915  1
2002/08/04/big/img_769
2
102.467504 64.881072 -1.283213 86.723130 109.447408  1
88.826935 51.725088 -1.530065 244.468219 156.608952  1
2002/07/19/big/img_581
1
103.018162 70.017467 1.570796 155.093404 189.450662  1
2002/08/13/big/img_723
1
120.995008 89.192906 1.495311 171.346766 177.797280  1
2002/08/12/big/img_821
1
145.527525 96.040800 -1.518437 178.250000 202.000000  1
2003/01/17/big/img_610
6
81.251606 57.481700 1.420597 200.833100 104.475600  1
59.949500 40.960200 1.263273 40.795600 145.943500  1
62.651100 45.074100 1.563415 372.789300 118.841600  1
48.434400 36.325700 1.497914 156.818800 156.478900  1
41.580500 28.494200 1.449055 306.613400 151.305100  1
51.593300 37.253800 -1.488470 56.154600 91.337300  1
2002/08/13/big/img_1116
2
82.683200 54.767200 -1.489578 204.212700 111.123506  1
14.203246 10.392400 -1.517358 375.705100 108.794871  1
2002/08/28/big/img_19238
2
62.246401 42.213031 1.405678 87.926700 97.781900  1
66.917434 43.959762 -1.423536 368.092500 169.955300  1
2002/08/21/big/img_660
1
93.523000 60.692700 1.553853 187.149200 149.616500  1
2002/08/14/big/img_607
1
61.544600 41.289100 -1.538413 147.984600 72.234400  1
2002/08/05/big/img_3708
2
93.175900 69.281100 1.191737 144.524900 89.476000  1
88.523900 54.627500 1.286451 351.334600 109.846800  1
2002/08/19/big/img_511
2
74.671050 47.637375 -1.548706 131.910547 104.447371  1
58.026012 38.120713 1.296588 277.407629 86.200426  1
2002/08/07/big/img_1316
2
57.262299 37.612993 1.482828 117.972047 73.342964  1
62.979214 44.544787 -1.566561 331.256965 144.243671  1
2002/07/25/big/img_1047
2
185.551587 121.486235 1.512147 95.015995 45.368737  1
164.772023 98.149591 -1.368127 286.546014 169.086526  1
2002/07/23/big/img_474
2
91.990772 55.509415 1.284752 184.811946 102.971177  1
77.923557 47.714684 1.556450 300.205684 126.385676  1
2002/07/27/big/img_970
2
60.739249 44.908443 -1.346879 142.014345 74.223386  1
65.751189 43.316623 -1.178688 348.273553 81.086943  1
2002/09/02/big/img_15752
1
79.626468 53.294400 1.379793 227.389000 108.853800  1
2002/09/01/big/img_16378
3
72.925299 52.945200 -1.064759 101.717500 146.763600  1
81.161900 50.616200 1.565185 216.327500 97.737400  1
81.751500 53.603000 0.706551 335.328000 176.127600  1
2002/09/01/big/img_16189
1
77.474400 44.897600 1.372883 213.427900 121.807900  1
2002/08/26/big/img_276
1
112.987908 69.108300 1.510394 187.629223 151.904035  1
2002/07/24/big/img_518
2
90.630015 60.564696 -1.554291 155.083751 102.554973  1
85.998278 57.627686 1.373109 294.136206 105.890452  1
2002/08/14/big/img_1027
2
61.282341 45.205910 1.545306 39.210452 67.262556  1
66.315799 45.864671 1.351813 159.274299 169.327800  1
2002/08/24/big/img_733
1
118.930106 74.129334 -1.478965 202.731983 142.923873  1
2002/08/15/big/img_249
1
82.131200 57.546500 1.517438 195.168800 107.936900  1
2003/01/15/big/img_1371
1
151.706900 110.748100 1.520067 157.447300 167.891400  1
2002/08/07/big/img_1348
3
72.657257 49.553162 1.438793 236.623897 112.431167  1
52.870767 35.818142 1.502747 388.273894 91.485972  1
27.975540 18.413095 1.509925 436.149328 55.104866  1
2003/01/01/big/img_331
2
84.000000 57.000000 1.389328 192.434082 96.659300  1
76.000000 49.000000 1.553394 95.697944 160.086800  1
2002/08/23/big/img_536
1
164.703561 101.663535 1.429762 156.051286 202.527980  1
2002/07/30/big/img_224
1
60.509913 37.755626 -1.398215 311.404070 116.470973  1
2002/08/10/big/img_763
1
207.948312 156.036609 1.541499 148.193667 196.070412  1
2002/08/21/big/img_293
1
98.374600 66.395700 -1.559024 184.542400 142.982900  1
2002/08/15/big/img_1211
1
88.636900 59.753000 1.562169 134.830800 116.979900  1
2002/08/15/big/img_1194
2
60.711700 40.707800 -1.358414 189.765900 69.527600  1
40.666900 26.285600 -1.472498 113.271200 8.389800  1
2003/01/15/big/img_390
2
91.668700 55.207800 1.395876 348.001900 113.250700  1
90.600600 62.450800 -1.358451 146.793100 117.437400  1
2002/08/06/big/img_2893
1
64.224991 41.218534 -1.488114 219.252442 99.487642  1
2002/08/17/big/img_691
7
54.472100 40.600400 -1.568411 26.250100 151.695500  1
58.619584 37.741900 -1.522168 161.455000 183.295900  1
42.011000 29.729900 -1.535752 186.110500 118.013900  1
36.598062 27.190200 -1.479411 72.700300 102.940500  1
47.968900 32.819000 -1.473995 23.112900 82.869700  1
44.785400 32.386500 -1.526923 226.758600 153.621370  1
45.489500 32.594100 -1.450656 129.861600 185.629300  1
2002/08/07/big/img_1695
1
71.969049 45.545803 1.527292 152.295850 109.175814  1
2002/08/16/big/img_829
1
88.880700 53.309500 1.535232 147.135000 114.673600  1
2002/07/25/big/img_201
1
77.207827 45.820282 -1.532171 160.686934 103.104574  1
2002/08/23/big/img_36
1
50.018188 35.161999 1.529281 184.501846 228.747150  1
2003/01/15/big/img_763
1
84.457500 54.934500 -1.451308 188.344100 115.950700  1
2003/01/15/big/img_637
1
89.756700 53.377600 1.380978 163.627100 218.288200  1
2002/08/22/big/img_592
1
118.024970 68.359534 -1.467627 160.033742 128.847514  1
2002/07/25/big/img_817
2
49.823625 34.799082 1.415011 136.041861 204.678571  1
52.625923 36.021020 1.530971 307.724320 267.570995  1
