2002/08/11/big/img_591
1
123.583300 85.549500 1.265839 269.693400 161.781200  1
2002/08/26/big/img_265
3
67.363819 44.511485 -1.476417 105.249970 87.209036  1
41.936870 27.064477 1.471906 184.070915 129.345601  1
70.993052 43.355200 1.370217 340.894300 117.498951  1
2002/07/19/big/img_423
1
87.080955 59.379319 1.550861 255.383099 133.767857  1
2002/08/24/big/img_490
1
54.692105 35.056825 -1.384924 145.665694 78.101005  1
2002/08/31/big/img_17676
2
37.099961 29.000000 1.433107 28.453831 37.664572  1
79.589662 49.835046 -1.457361 112.514300 92.364284  1
2002/07/31/big/img_228
2
55.012198 33.056167 -1.540952 103.432230 107.856136  1
59.442926 36.625328 1.530747 295.300230 69.635719  1
2002/07/24/big/img_402
3
25.823639 19.002657 1.518290 347.991319 56.781250  1
79.154700 42.000000 -1.466077 120.500000 118.000000  1
16.065568 11.983094 1.520238 430.541176 58.189915  1
2002/08/04/big/img_769
2
102.467504 64.881072 -1.283213 86.723130 109.447408  1
88.826935 51.725088 -1.530065 244.468219 156.608952  1
2002/07/19/big/img_581
1
103.018162 70.017467 1.570796 155.093404 189.450662  1
2002/08/13/big/img_723
1
120.995008 89.192906 1.495311 171.346766 177.797280  1
2002/08/12/big/img_821
1
145.527525 96.040800 -1.518437 178.250000 202.000000  1
2003/01/17/big/img_610
6
81.251606 57.481700 1.420597 200.833100 104.475600  1
59.949500 40.960200 1.263273 40.795600 145.943500  1
62.651100 45.074100 1.563415 372.789300 118.841600  1
48.434400 36.325700 1.497914 156.818800 156.478900  1
41.580500 28.494200 1.449055 306.613400 151.305100  1
51.593300 37.253800 -1.488470 56.154600 91.337300  1
2002/08/13/big/img_1116
2
82.683200 54.767200 -1.489578 204.212700 111.123506  1
14.203246 10.392400 -1.517358 375.705100 108.794871  1
2002/08/28/big/img_19238
2
62.246401 42.213031 1.405678 87.926700 97.781900  1
66.917434 43.959762 -1.423536 368.092500 169.955300  1
2002/08/21/big/img_660
1
93.523000 60.692700 1.553853 187.149200 149.616500  1
2002/08/14/big/img_607
1
61.544600 41.289100 -1.538413 147.984600 72.234400  1
2002/08/05/big/img_3708
2
93.175900 69.281100 1.191737 144.524900 89.476000  1
88.523900 54.627500 1.286451 351.334600 109.846800  1
2002/08/19/big/img_511
2
74.671050 47.637375 -1.548706 131.910547 104.447371  1
58.026012 38.120713 1.296588 277.407629 86.200426  1
2002/08/07/big/img_1316
2
57.262299 37.612993 1.482828 117.972047 73.342964  1
62.979214 44.544787 -1.566561 331.256965 144.243671  1
2002/07/25/big/img_1047
2
185.551587 121.486235 1.512147 95.015995 45.368737  1
164.772023 98.149591 -1.368127 286.546014 169.086526  1
2002/07/23/big/img_474
2
91.990772 55.509415 1.284752 184.811946 102.971177  1
77.923557 47.714684 1.556450 300.205684 126.385676  1
2002/07/27/big/img_970
2
60.739249 44.908443 -1.346879 142.014345 74.223386  1
65.751189 43.316623 -1.178688 348.273553 81.086943  1
2002/09/02/big/img_15752
1
79.626468 53.294400 1.379793 227.389000 108.853800  1
2002/09/01/big/img_16378
3
72.925299 52.945200 -1.064759 101.717500 146.763600  1
81.161900 50.616200 1.565185 216.327500 97.737400  1
81.751500 53.603000 0.706551 335.328000 176.127600  1
2002/09/01/big/img_16189
1
77.474400 44.897600 1.372883 213.427900 121.807900  1
2002/08/26/big/img_276
1
112.987908 69.108300 1.510394 187.629223 151.904035  1
2002/07/24/big/img_518
2
90.630015 60.564696 -1.554291 155.083751 102.554973  1
85.998278 57.627686 1.373109 294.136206 105.890452  1
2002/08/14/big/img_1027
2
61.282341 45.205910 1.545306 39.210452 67.262556  1
66.315799 45.864671 1.351813 159.274299 169.327800  1
2002/08/24/big/img_733
1
118.930106 74.129334 -1.478965 202.731983 142.923873  1
2002/08/15/big/img_249
1
82.131200 57.546500 1.517438 195.168800 107.936900  1
2003/01/15/big/img_1371
1
151.706900 110.748100 1.520067 157.447300 167.891400  1
2002/08/07/big/img_1348
3
72.657257 49.553162 1.438793 236.623897 112.431167  1
52.870767 35.818142 1.502747 388.273894 91.485972  1
27.975540 18.413095 1.509925 436.149328 55.104866  1
2003/01/01/big/img_331
2
84.000000 57.000000 1.389328 192.434082 96.659300  1
76.000000 49.000000 1.553394 95.697944 160.086800  1
2002/08/23/big/img_536
1
164.703561 101.663535 1.429762 156.051286 202.527980  1
2002/07/30/big/img_224
1
60.509913 37.755626 -1.398215 311.404070 116.470973  1
2002/08/10/big/img_763
1
207.948312 156.036609 1.541499 148.193667 196.070412  1
2002/08/21/big/img_293
1
98.374600 66.395700 -1.559024 184.542400 142.982900  1
2002/08/15/big/img_1211
1
88.636900 59.753000 1.562169 134.830800 116.979900  1
2002/08/15/big/img_1194
2
60.711700 40.707800 -1.358414 189.765900 69.527600  1
40.666900 26.285600 -1.472498 113.271200 8.389800  1
2003/01/15/big/img_390
2
91.668700 55.207800 1.395876 348.001900 113.250700  1
90.600600 62.450800 -1.358451 146.793100 117.437400  1
2002/08/06/big/img_2893
1
64.224991 41.218534 -1.488114 219.252442 99.487642  1
2002/08/17/big/img_691
7
54.472100 40.600400 -1.568411 26.250100 151.695500  1
58.619584 37.741900 -1.522168 161.455000 183.295900  1
42.011000 29.729900 -1.535752 186.110500 118.013900  1
36.598062 27.190200 -1.479411 72.700300 102.940500  1
47.968900 32.819000 -1.473995 23.112900 82.869700  1
44.785400 32.386500 -1.526923 226.758600 153.621370  1
45.489500 32.594100 -1.450656 129.861600 185.629300  1
2002/08/07/big/img_1695
1
71.969049 45.545803 1.527292 152.295850 109.175814  1
2002/08/16/big/img_829
1
88.880700 53.309500 1.535232 147.135000 114.673600  1
2002/07/25/big/img_201
1
77.207827 45.820282 -1.532171 160.686934 103.104574  1
2002/08/23/big/img_36
1
50.018188 35.161999 1.529281 184.501846 228.747150  1
2003/01/15/big/img_763
1
84.457500 54.934500 -1.451308 188.344100 115.950700  1
2003/01/15/big/img_637
1
89.756700 53.377600 1.380978 163.627100 218.288200  1
2002/08/22/big/img_592
1
118.024970 68.359534 -1.467627 160.033742 128.847514  1
2002/07/25/big/img_817
2
49.823625 34.799082 1.415011 136.041861 204.678571  1
52.625923 36.021020 1.530971 307.724320 267.570995  1
2003/01/15/big/img_1219
1
63.674600 41.718400 1.483661 202.703600 87.314400  1
2002/08/05/big/img_3508
1
69.020433 42.529992 1.513289 130.563253 93.854933  1
2002/08/15/big/img_1108
1
177.265900 121.210800 -1.564833 137.664200 241.999400  1
2002/07/19/big/img_488
2
70.375485 53.904188 1.466077 136.555841 193.104786  1
86.396421 65.626698 1.570796 276.813334 123.220974  1
2003/01/16/big/img_704
1
74.386100 45.186800 -1.479022 91.049300 121.821500  1
2003/01/13/big/img_1087
1
66.000000 44.000000 -1.542460 207.396074 78.110012  1
2002/08/10/big/img_670
1
106.045200 71.407200 -1.506817 171.837033 138.855000  1
2002/07/24/big/img_104
1
197.824008 121.448547 -1.417455 134.554280 216.140743  1
2002/08/27/big/img_19823
1
64.700467 38.000000 1.396505 324.154551 116.210570  1
2002/09/01/big/img_16229
2
105.065296 66.562500 1.553015 148.520302 135.611800  1
77.949600 57.286200 1.427688 264.464401 204.926300  1
2003/01/13/big/img_846
1
115.379800 73.000000 -1.502978 128.234185 153.254583  1
2002/08/04/big/img_412
1
63.212824 39.113295 -1.543740 234.418594 318.026784  1
2002/07/22/big/img_554
7
42.380582 28.880777 1.555604 55.330233 47.079768  1
45.974737 32.421791 -1.506573 214.590199 68.277858  1
46.704712 32.622693 1.498030 372.218376 56.009270  1
43.898490 28.133738 1.553114 424.008922 201.438532  1
39.700524 29.522266 -1.511916 328.795816 68.445832  1
35.806260 24.544934 -1.492346 278.305696 29.228513  1
30.197045 21.161644 -1.539019 411.274841 28.810782  1
2002/08/12/big/img_331
4
55.955969 35.357870 1.453988 56.279942 49.667052  1
26.825279 19.495698 1.532000 194.048182 111.783601  1
34.139583 23.111603 1.570360 268.973288 70.286310  1
32.169600 20.995688 -1.565573 274.956696 193.566158  1
2002/08/02/big/img_533
1
126.707387 75.551435 -1.554628 153.807558 162.914902  1
2002/08/12/big/img_259
1
86.169059 50.631112 1.492112 216.558714 117.014311  1
2002/08/18/big/img_328
2
63.295071 35.872400 1.524112 197.717000 255.915399  1
15.754100 9.381100 -1.348583 105.853700 282.799250  1
2003/01/14/big/img_630
6
24.946800 16.646900 -1.428390 21.142900 121.559300  1
51.341000 31.252300 1.559199 143.421500 59.400700  1
26.444500 19.101200 -1.486328 186.683900 95.276100  1
54.112000 35.858400 1.557958 274.200100 90.770300  1
26.774637 19.515600 1.298542 367.843500 124.821200  1
16.686700 11.084300 -1.413055 397.464900 125.929800  1
2002/08/05/big/img_3541
3
41.248533 29.921679 -1.249286 123.051800 61.272400  1
33.343800 25.519863 -1.259259 242.040300 112.255800  1
32.948300 28.666800 -0.859313 327.214800 311.426800  1
2002/08/06/big/img_2390
2
58.496200 36.755100 -1.448899 144.410400 72.868900  1
55.517206 36.598800 -1.484518 322.477300 116.824200  1
2002/08/20/big/img_150
2
64.239600 39.497002 1.542435 81.189871 74.308948  1
74.129523 44.475200 1.333809 137.832421 119.901800  1
2002/08/02/big/img_1231
5
32.537704 20.923038 -1.567130 40.399096 148.954066  1
55.138511 38.080383 -1.342719 96.277556 138.205710  1
79.556403 51.550903 -1.513724 193.914472 125.272004  1
31.878269 24.203838 1.515873 315.769745 116.236947  1
90.476448 58.337124 -1.442561 378.486677 100.000505  1
2002/08/16/big/img_710
2
62.335400 46.711700 -1.498254 61.258600 130.165697  1
68.831400 42.704500 1.488577 246.096900 227.313800  1
2002/08/19/big/img_591
1
141.629833 91.313012 1.523226 297.246659 166.150576  1
2002/07/22/big/img_725
1
142.536838 82.883303 1.553343 176.127470 187.821364  1
2002/07/24/big/img_820
1
89.481700 60.793300 1.486383 132.375300 141.692500  1
2003/01/13/big/img_568
2
47.739002 29.433043 -1.562942 124.213388 75.788299  1
58.316005 39.000000 1.496849 279.862704 85.817400  1
2002/08/22/big/img_853
3
79.092658 49.688318 1.516595 190.338953 100.794269  1
59.091439 54.649805 1.570796 75.451361 302.048637  1
80.817224 51.298760 -1.565564 279.425439 279.451754  1
2002/08/09/big/img_648
1
83.282736 58.811902 -1.503184 189.626370 109.886305  1
2002/08/23/big/img_528
7
54.724636 35.260464 1.409462 74.013723 184.832669  1
14.622229 11.031198 -1.560270 93.419834 108.072727  1
38.192022 27.711730 1.519289 222.880078 139.116495  1
44.509552 32.838592 -1.394166 407.869728 118.032351  1
33.059193 22.327884 -1.525744 355.257831 122.327710  1
19.274370 12.338195 -1.549423 369.775725 81.221635  1
16.385386 12.437266 1.552479 301.816425 85.444444  1
2003/01/14/big/img_888
1
165.309500 103.654300 -1.456411 196.072500 190.060400  1
2002/08/30/big/img_18201
2
70.000000 51.061600 -1.514455 131.200100 91.636200  1
66.000000 51.691400 1.083112 272.012374 117.810294  1
2002/08/13/big/img_965
2
56.705820 41.880807 -1.496314 141.150185 99.453798  1
57.319367 38.346600 1.502151 303.139800 68.983300  1
2003/01/14/big/img_660
5
64.047000 42.217200 -1.414146 97.291889 102.917200  1
50.578500 31.714700 -1.428363 51.881000 80.919000  1
16.760400 11.642200 -1.518147 180.629100 44.939300  1
55.988800 38.728400 -1.515577 288.554391 138.998800  1
34.668500 26.354000 1.565742 391.059200 94.198800  1
2002/07/19/big/img_517
1
112.894339 82.196797 1.448623 146.244475 198.968668  1
2003/01/14/big/img_406
1
133.988000 91.307700 -1.436523 170.140400 166.234200  1
2002/08/30/big/img_18433
2
24.215145 16.000000 -1.216712 152.993227 21.454853  1
24.446189 15.000000 -1.232773 319.161200 71.721600  1
2002/08/07/big/img_1630
1
136.139690 98.324944 1.252435 131.582450 166.993260  1
2002/08/06/big/img_2717
1
134.082793 94.836220 -1.565938 154.637209 191.415683  1
2002/08/21/big/img_470
2
53.987400 38.204600 1.518173 106.944900 145.466300  1
45.653600 31.892600 -1.416965 283.063500 161.907000  1
2002/07/23/big/img_633
2
74.181750 50.249329 1.389898 56.692851 163.258111  1
79.777680 53.665311 1.395824 119.597986 145.517878  1
2002/08/20/big/img_915
1
129.901400 83.405300 -1.476228 139.446828 171.487900  1
2002/08/16/big/img_893
1
54.619600 31.550900 -1.542907 183.976700 72.095700  1
2002/07/29/big/img_644
1
212.568345 152.341295 1.515786 162.427705 234.585116  1
2002/08/15/big/img_529
2
67.311445 43.997900 -1.423993 175.673700 86.581700  1
62.153200 37.743300 -1.286870 372.848600 95.691700  1
2002/08/16/big/img_668
1
115.920557 70.107100 -1.391855 216.060400 196.720900  1
2002/08/07/big/img_1871
2
50.638104 36.095738 1.253381 199.131502 26.024335  1
48.108781 35.502634 -1.508705 243.293087 136.331514  1
2002/07/25/big/img_192
1
87.418647 57.530537 1.552580 194.406792 110.678328  1
2002/07/31/big/img_961
1
68.722452 47.448581 1.540624 135.416382 95.183653  1
2002/08/19/big/img_738
4
62.201156 41.520204 1.421301 54.969413 154.631578  1
73.045300 42.781000 1.567369 107.285994 118.680800  1
68.066430 52.154244 -1.450053 255.648863 142.775965  1
63.834317 45.916519 1.355514 213.011012 54.392717  1
